,1
0,8.625450134277344
1,
2,
3,
4,
5,14.1963529586792
6,
7,
8,
9,
10,13.962882041931152
11,
12,
13,
14,
15,17.31000328063965
16,
17,
18,
19,
20,15.458927631378174
21,
22,
23,
24,
25,13.70711088180542
26,
27,
28,
29,
30,13.925246238708496
31,
32,
33,
34,
35,14.519524574279785
36,
37,
38,
39,
40,14.616855144500732
41,
42,
43,
44,
45,14.768587112426758
46,
47,
48,
49,
50,12.5337815284729
51,
52,
53,
54,
55,14.950905799865723
56,
57,
58,
59,
60,13.405003070831299
61,
62,
63,
64,
65,10.720125436782837
66,
67,
68,
69,
70,13.331769943237305
71,
72,
73,
74,
75,11.725170612335205
76,
77,
78,
79,
80,12.452429294586182
81,
82,
83,
84,
85,12.21002721786499
86,
87,
88,
89,
90,18.759826183319092
91,
92,
93,
94,
95,11.179625272750854
96,
97,
98,
99,
100,12.14427924156189
101,
102,
103,
104,
105,13.829391956329346
106,
107,
108,
109,
110,14.220699787139893
111,
112,
113,
114,
115,14.272546291351318
116,
117,
118,
119,
120,16.108280658721924
121,
122,
123,
124,
125,18.45285415649414
126,
127,
128,
129,
130,16.67160940170288
131,
132,
133,
134,
135,19.112682342529297
136,
137,
138,
139,
140,16.639410495758057
141,
142,
143,
144,
145,17.856709957122803
146,
147,
148,
149,
150,19.17328453063965
151,
152,
153,
154,
155,15.427029609680176
156,
157,
158,
159,
160,17.328290462493896
161,
162,
163,
164,
165,14.53755807876587
166,
167,
168,
169,
170,16.53426504135132
171,
172,
173,
174,
175,17.903815269470215
176,
177,
178,
179,
180,19.146757125854492
181,
182,
183,
184,
185,19.648253440856934
186,
187,
188,
189,
190,20.062786102294922
191,
192,
193,
194,
195,20.059056758880615
196,
197,
198,
199,
200,21.057671070098877
201,
202,
203,
204,
205,19.075504779815674
206,
207,
208,
209,
210,19.58764410018921
211,
212,
213,
214,
215,18.571456909179688
216,
217,
218,
219,
220,19.12223768234253
221,
222,
223,
224,
225,20.16399574279785
226,
227,
228,
229,
230,18.935428619384766
231,
232,
233,
234,
235,19.142897605895996
236,
237,
238,
239,
240,20.451173305511475
241,
242,
243,
244,
245,19.05568552017212
246,
247,
248,
249,
250,19.63512659072876
251,
252,
253,
254,
255,20.474384307861328
256,
257,
258,
259,
260,19.638005256652832
261,
262,
263,
264,
265,18.290749073028564
266,
267,
268,
269,
270,19.375234127044678
271,
272,
273,
274,
275,18.291232585906982
276,
277,
278,
279,
280,18.735701084136963
281,
282,
283,
284,
285,20.11067247390747
286,
287,
288,
289,
290,19.436809539794922
291,
292,
293,
294,
295,19.596065521240234
296,
297,
298,
299,
300,20.35869598388672
301,
302,
303,
304,
305,18.629476070404053
306,
307,
308,
309,
310,19.692694664001465
311,
312,
313,
314,
315,19.370588302612305
316,
317,
318,
319,
320,18.315044403076172
321,
322,
323,
324,
325,19.517924308776855
326,
327,
328,
329,
330,18.552783012390137
331,
332,
333,
334,
335,19.730740547180176
336,
337,
338,
339,
340,18.624504566192627
341,
342,
343,
344,
345,19.306396484375
346,
347,
348,
349,
350,20.724557876586914
351,
352,
353,
354,
355,21.810908794403076
356,
357,
358,
359,
360,19.89077091217041
361,
362,
363,
364,
365,21.65339231491089
366,
367,
368,
369,
370,20.86630868911743
371,
372,
373,
374,
375,21.56723976135254
376,
377,
378,
379,
380,20.486431121826172
381,
382,
383,
384,
385,21.500898361206055
386,
387,
388,
389,
390,20.707067489624023
391,
392,
393,
394,
395,21.159701347351074
396,
397,
398,
399,
400,22.44384241104126
401,
402,
403,
404,
405,20.827009677886963
406,
407,
408,
409,
410,22.151071548461914
411,
412,
413,
414,
415,21.496427536010742
416,
417,
418,
419,
420,21.455660343170166
421,
422,
423,
424,
425,20.94067144393921
426,
427,
428,
429,
430,22.52550983428955
431,
432,
433,
434,
435,21.571810245513916
436,
437,
438,
439,
440,22.870930194854736
441,
442,
443,
444,
445,22.500627994537354
446,
447,
448,
449,
450,23.886326789855957
451,
452,
453,
454,
455,22.580976486206055
456,
457,
458,
459,
460,22.84156847000122
461,
462,
463,
464,
465,24.636932373046875
466,
467,
468,
469,
470,25.94741439819336
471,
472,
473,
474,
475,23.403883934020996
476,
477,
478,
479,
480,23.284993171691895
481,
482,
483,
484,
485,24.41576910018921
486,
487,
488,
489,
490,25.56149387359619
491,
492,
493,
494,
495,23.581481456756592
496,
497,
498,
499,
500,23.952184200286865
501,
502,
503,
504,
505,24.886116981506348
506,
507,
508,
509,
510,24.763466358184814
511,
512,
513,
514,
515,25.12523365020752
516,
517,
518,
519,
520,25.93274211883545
521,
522,
523,
524,
525,25.965139389038086
526,
527,
528,
529,
530,25.366939544677734
531,
532,
533,
534,
535,25.644750595092773
536,
537,
538,
539,
540,26.57433795928955
541,
542,
543,
544,
545,25.914749145507812
546,
547,
548,
549,
550,26.76316547393799
551,
552,
553,
554,
555,26.175103187561035
556,
557,
558,
559,
560,27.437349319458008
561,
562,
563,
564,
565,27.215981483459473
566,
567,
568,
569,
570,27.39241886138916
571,
572,
573,
574,
575,26.744999885559082
576,
577,
578,
579,
580,27.977349281311035
581,
582,
583,
584,
585,26.89264965057373
586,
587,
588,
589,
590,27.45132064819336
591,
592,
593,
594,
595,26.546120643615723
596,
597,
598,
599,
600,26.317373275756836
