,1
0,0.39376053962900504
1,
2,
3,
4,
5,0.48988195615514335
6,
7,
8,
9,
10,0.6003372681281619
11,
12,
13,
14,
15,0.6264755480607083
16,
17,
18,
19,
20,0.6053962900505903
21,
22,
23,
24,
25,0.6500843170320405
26,
27,
28,
29,
30,0.6526138279932546
31,
32,
33,
34,
35,0.6433389544688027
36,
37,
38,
39,
40,0.6644182124789207
41,
42,
43,
44,
45,0.6652613827993255
46,
47,
48,
49,
50,0.6922428330522765
51,
52,
53,
54,
55,0.6686340640809444
56,
57,
58,
59,
60,0.6998313659359191
61,
62,
63,
64,
65,0.7251264755480608
66,
67,
68,
69,
70,0.7419898819561551
71,
72,
73,
74,
75,0.7242833052276559
76,
77,
78,
79,
80,0.7242833052276559
81,
82,
83,
84,
85,0.7419898819561551
86,
87,
88,
89,
90,0.7807757166947723
91,
92,
93,
94,
95,0.7959527824620574
96,
97,
98,
99,
100,0.8102866779089376
101,
102,
103,
104,
105,0.7596964586846543
106,
107,
108,
109,
110,0.784991568296796
111,
112,
113,
114,
115,0.8161888701517707
116,
117,
118,
119,
120,0.8086003372681282
121,
122,
123,
124,
125,0.836424957841484
126,
127,
128,
129,
130,0.8448566610455311
131,
132,
133,
134,
135,0.863406408094435
136,
137,
138,
139,
140,0.8473861720067454
141,
142,
143,
144,
145,0.8549747048903878
146,
147,
148,
149,
150,0.8473861720067454
151,
152,
153,
154,
155,0.8549747048903878
156,
157,
158,
159,
160,0.8718381112984823
161,
162,
163,
164,
165,0.8642495784148398
166,
167,
168,
169,
170,0.8693086003372681
171,
172,
173,
174,
175,0.8684654300168634
176,
177,
178,
179,
180,0.857504215851602
181,
182,
183,
184,
185,0.863406408094435
186,
187,
188,
189,
190,0.8532883642495784
191,
192,
193,
194,
195,0.8853288364249579
196,
197,
198,
199,
200,0.8583473861720068
201,
202,
203,
204,
205,0.8735244519392917
206,
207,
208,
209,
210,0.8701517706576728
211,
212,
213,
214,
215,0.9005059021922428
216,
217,
218,
219,
220,0.8718381112984823
221,
222,
223,
224,
225,0.8988195615514334
226,
227,
228,
229,
230,0.887858347386172
231,
232,
233,
234,
235,0.8870151770657673
236,
237,
238,
239,
240,0.872681281618887
241,
242,
243,
244,
245,0.8718381112984823
246,
247,
248,
249,
250,0.8903878583473862
251,
252,
253,
254,
255,0.9013490725126475
256,
257,
258,
259,
260,0.8954468802698144
261,
262,
263,
264,
265,0.9021922428330523
266,
267,
268,
269,
270,0.9072512647554806
271,
272,
273,
274,
275,0.8912310286677909
276,
277,
278,
279,
280,0.8760539629005059
281,
282,
283,
284,
285,0.8718381112984823
286,
287,
288,
289,
290,0.9013490725126475
291,
292,
293,
294,
295,0.8768971332209107
296,
297,
298,
299,
300,0.8693086003372681
