,1
0,0.358
1,
2,
3,
4,
5,0.6794285714285714
6,
7,
8,
9,
10,0.6991428571428572
11,
12,
13,
14,
15,0.6998571428571428
16,
17,
18,
19,
20,0.6902857142857143
21,
22,
23,
24,
25,0.6911428571428572
26,
27,
28,
29,
30,0.6924285714285714
31,
32,
33,
34,
35,0.7374285714285714
36,
37,
38,
39,
40,0.7411428571428571
41,
42,
43,
44,
45,0.7457142857142857
46,
47,
48,
49,
50,0.747
51,
52,
53,
54,
55,0.7484285714285714
56,
57,
58,
59,
60,0.7501428571428571
61,
62,
63,
64,
65,0.7504285714285714
66,
67,
68,
69,
70,0.7507142857142857
71,
72,
73,
74,
75,0.7467142857142857
76,
77,
78,
79,
80,0.7655714285714286
81,
82,
83,
84,
85,0.7691428571428571
86,
87,
88,
89,
90,0.772
91,
92,
93,
94,
95,0.7727142857142857
96,
97,
98,
99,
100,0.7597142857142857
101,
102,
103,
104,
105,0.751
106,
107,
108,
109,
110,0.7637142857142857
111,
112,
113,
114,
115,0.7671428571428571
116,
117,
118,
119,
120,0.768
121,
122,
123,
124,
125,0.7762857142857142
126,
127,
128,
129,
130,0.7851428571428571
131,
132,
133,
134,
135,0.7857142857142857
136,
137,
138,
139,
140,0.7872857142857143
141,
142,
143,
144,
145,0.7808571428571428
146,
147,
148,
149,
150,0.783
151,
152,
153,
154,
155,0.7832857142857143
156,
157,
158,
159,
160,0.7925714285714286
161,
162,
163,
164,
165,0.7984285714285714
166,
167,
168,
169,
170,0.7977142857142857
171,
172,
173,
174,
175,0.7984285714285714
176,
177,
178,
179,
180,0.7974285714285714
181,
182,
183,
184,
185,0.7977142857142857
186,
187,
188,
189,
190,0.7978571428571428
191,
192,
193,
194,
195,0.8107142857142857
196,
197,
198,
199,
200,0.8122857142857143
