,1
0,8.527687311172485
1,
2,
3,
4,
5,14.623873233795166
6,
7,
8,
9,
10,15.584019184112549
11,
12,
13,
14,
15,15.22458791732788
16,
17,
18,
19,
20,12.35109829902649
21,
22,
23,
24,
25,15.581824779510498
26,
27,
28,
29,
30,14.911958694458008
31,
32,
33,
34,
35,13.993940830230713
36,
37,
38,
39,
40,15.114011287689209
41,
42,
43,
44,
45,14.564618587493896
46,
47,
48,
49,
50,15.231740474700928
51,
52,
53,
54,
55,16.435059547424316
56,
57,
58,
59,
60,14.291021347045898
61,
62,
63,
64,
65,15.77431058883667
66,
67,
68,
69,
70,14.284601211547852
71,
72,
73,
74,
75,16.62678861618042
76,
77,
78,
79,
80,15.322522640228271
81,
82,
83,
84,
85,15.632275104522705
86,
87,
88,
89,
90,15.705196380615234
91,
92,
93,
94,
95,14.836875915527344
96,
97,
98,
99,
100,17.02150821685791
101,
102,
103,
104,
105,11.543385028839111
106,
107,
108,
109,
110,13.737197875976562
111,
112,
113,
114,
115,12.454655647277832
116,
117,
118,
119,
120,15.117394924163818
121,
122,
123,
124,
125,13.542325973510742
126,
127,
128,
129,
130,15.091261386871338
131,
132,
133,
134,
135,15.387653827667236
136,
137,
138,
139,
140,15.802034378051758
141,
142,
143,
144,
145,16.37222194671631
146,
147,
148,
149,
150,12.493446826934814
151,
152,
153,
154,
155,18.451869010925293
156,
157,
158,
159,
160,14.675030708312988
161,
162,
163,
164,
165,17.7882137298584
166,
167,
168,
169,
170,12.50615930557251
171,
172,
173,
174,
175,17.70702075958252
176,
177,
178,
179,
180,16.683961391448975
181,
182,
183,
184,
185,19.182866096496582
186,
187,
188,
189,
190,18.882431507110596
191,
192,
193,
194,
195,19.25867509841919
196,
197,
198,
199,
200,9.773559331893921
201,
202,
203,
204,
205,10.690053701400757
206,
207,
208,
209,
210,11.516594409942627
211,
212,
213,
214,
215,14.103954315185547
216,
217,
218,
219,
220,15.032610893249512
221,
222,
223,
224,
225,16.506332397460938
226,
227,
228,
229,
230,13.404657363891602
231,
232,
233,
234,
235,15.586267471313477
236,
237,
238,
239,
240,14.963794708251953
241,
242,
243,
244,
245,15.030205726623535
246,
247,
248,
249,
250,14.586502075195312
251,
252,
253,
254,
255,14.663774490356445
256,
257,
258,
259,
260,16.546708583831787
261,
262,
263,
264,
265,16.56421947479248
266,
267,
268,
269,
270,14.90294885635376
271,
272,
273,
274,
275,17.32203960418701
276,
277,
278,
279,
280,16.248908042907715
281,
282,
283,
284,
285,18.106401920318604
286,
287,
288,
289,
290,16.10286045074463
291,
292,
293,
294,
295,17.86248016357422
296,
297,
298,
299,
300,14.808123588562012
301,
302,
303,
304,
305,17.9536075592041
306,
307,
308,
309,
310,19.035415172576904
311,
312,
313,
314,
315,16.50340461730957
316,
317,
318,
319,
320,18.130838871002197
321,
322,
323,
324,
325,19.735801696777344
326,
327,
328,
329,
330,18.16904640197754
331,
332,
333,
334,
335,18.344950675964355
336,
337,
338,
339,
340,19.934410572052002
341,
342,
343,
344,
345,18.509053707122803
346,
347,
348,
349,
350,19.95686388015747
351,
352,
353,
354,
355,18.513912200927734
356,
357,
358,
359,
360,19.99407196044922
361,
362,
363,
364,
365,19.17504119873047
366,
367,
368,
369,
370,20.285040855407715
371,
372,
373,
374,
375,16.856804370880127
376,
377,
378,
379,
380,18.876030921936035
381,
382,
383,
384,
385,17.834667682647705
386,
387,
388,
389,
390,19.334166049957275
391,
392,
393,
394,
395,18.314072132110596
396,
397,
398,
399,
400,19.15996742248535
401,
402,
403,
404,
405,17.953083038330078
406,
407,
408,
409,
410,19.633068561553955
411,
412,
413,
414,
415,19.172549724578857
416,
417,
418,
419,
420,18.25502061843872
421,
422,
423,
424,
425,19.247802734375
426,
427,
428,
429,
430,17.60154104232788
431,
432,
433,
434,
435,18.632442474365234
436,
437,
438,
439,
440,18.134146213531494
441,
442,
443,
444,
445,19.59916591644287
446,
447,
448,
449,
450,18.70895004272461
451,
452,
453,
454,
455,20.26927089691162
456,
457,
458,
459,
460,20.017629623413086
461,
462,
463,
464,
465,21.28839635848999
466,
467,
468,
469,
470,18.635698795318604
471,
472,
473,
474,
475,19.82711410522461
476,
477,
478,
479,
480,20.97634267807007
481,
482,
483,
484,
485,18.754637241363525
486,
487,
488,
489,
490,20.313626766204834
491,
492,
493,
494,
495,21.27134895324707
496,
497,
498,
499,
500,18.183322429656982
501,
502,
503,
504,
505,19.729255199432373
506,
507,
508,
509,
510,20.28052854537964
511,
512,
513,
514,
515,19.317174434661865
516,
517,
518,
519,
520,20.806240558624268
521,
522,
523,
524,
525,19.180748462677002
526,
527,
528,
529,
530,20.522067070007324
531,
532,
533,
534,
535,19.384114265441895
536,
537,
538,
539,
540,20.344279289245605
541,
542,
543,
544,
545,19.577731609344482
546,
547,
548,
549,
550,20.117295742034912
551,
552,
553,
554,
555,20.560611724853516
556,
557,
558,
559,
560,19.136929035186768
561,
562,
563,
564,
565,19.283201694488525
566,
567,
568,
569,
570,19.907079219818115
571,
572,
573,
574,
575,18.80446481704712
576,
577,
578,
579,
580,19.560731410980225
581,
582,
583,
584,
585,18.80920696258545
586,
587,
588,
589,
590,19.72628688812256
591,
592,
593,
594,
595,18.38149118423462
596,
597,
598,
599,
600,19.527250289916992
