,1
0,4.185361385345459
1,
2,
3,
4,
5,1.3932307958602905
6,
7,
8,
9,
10,1.1773266792297363
11,
12,
13,
14,
15,1.2228641510009766
16,
17,
18,
19,
20,1.104848861694336
21,
22,
23,
24,
25,1.1689338684082031
26,
27,
28,
29,
30,1.328580379486084
31,
32,
33,
34,
35,1.310007095336914
36,
37,
38,
39,
40,1.4482853412628174
41,
42,
43,
44,
45,1.7368601560592651
46,
47,
48,
49,
50,1.5079741477966309
51,
52,
53,
54,
55,1.3834760189056396
56,
57,
58,
59,
60,1.3197740316390991
61,
62,
63,
64,
65,1.392652153968811
66,
67,
68,
69,
70,1.337977409362793
71,
72,
73,
74,
75,1.1636390686035156
76,
77,
78,
79,
80,1.3633500337600708
81,
82,
83,
84,
85,1.1180429458618164
86,
87,
88,
89,
90,0.9965807199478149
91,
92,
93,
94,
95,1.13962984085083
96,
97,
98,
99,
100,1.0324723720550537
101,
102,
103,
104,
105,0.819007158279419
106,
107,
108,
109,
110,1.1816695928573608
111,
112,
113,
114,
115,0.9013952016830444
116,
117,
118,
119,
120,0.7837808728218079
121,
122,
123,
124,
125,0.8378610014915466
126,
127,
128,
129,
130,0.920195996761322
131,
132,
133,
134,
135,0.7207305431365967
136,
137,
138,
139,
140,0.5306194424629211
141,
142,
143,
144,
145,1.3943666219711304
146,
147,
148,
149,
150,0.7491447329521179
151,
152,
153,
154,
155,0.988405168056488
156,
157,
158,
159,
160,0.9141534566879272
161,
162,
163,
164,
165,0.876805305480957
166,
167,
168,
169,
170,0.9361715912818909
171,
172,
173,
174,
175,0.584788978099823
176,
177,
178,
179,
180,0.6409680247306824
181,
182,
183,
184,
185,0.6649820804595947
186,
187,
188,
189,
190,0.7782171964645386
191,
192,
193,
194,
195,0.8716331124305725
196,
197,
198,
199,
200,1.0524612665176392
201,
202,
203,
204,
205,0.8745773434638977
206,
207,
208,
209,
210,0.9196054935455322
211,
212,
213,
214,
215,0.8788853287696838
216,
217,
218,
219,
220,0.8571725487709045
221,
222,
223,
224,
225,0.7588503956794739
226,
227,
228,
229,
230,0.5761086344718933
231,
232,
233,
234,
235,0.5099291801452637
236,
237,
238,
239,
240,0.6283660531044006
241,
242,
243,
244,
245,0.6110404133796692
246,
247,
248,
249,
250,0.8400903940200806
251,
252,
253,
254,
255,0.7720066905021667
256,
257,
258,
259,
260,0.7838552594184875
261,
262,
263,
264,
265,0.6638650298118591
266,
267,
268,
269,
270,0.5925887227058411
271,
272,
273,
274,
275,0.6394522190093994
276,
277,
278,
279,
280,0.5964882969856262
281,
282,
283,
284,
285,0.6601076126098633
286,
287,
288,
289,
290,0.8515195846557617
291,
292,
293,
294,
295,1.0279316902160645
296,
297,
298,
299,
300,0.7875508666038513
