,1
0,9.128371238708496
1,
2,
3,
4,
5,16.20530414581299
6,
7,
8,
9,
10,15.18064022064209
11,
12,
13,
14,
15,16.764444828033447
16,
17,
18,
19,
20,19.355192184448242
21,
22,
23,
24,
25,14.847136497497559
26,
27,
28,
29,
30,13.12894058227539
31,
32,
33,
34,
35,14.09151029586792
36,
37,
38,
39,
40,12.899593830108643
41,
42,
43,
44,
45,10.951240062713623
46,
47,
48,
49,
50,13.744246482849121
51,
52,
53,
54,
55,14.141962051391602
56,
57,
58,
59,
60,14.128685474395752
61,
62,
63,
64,
65,13.980432510375977
66,
67,
68,
69,
70,12.989614009857178
71,
72,
73,
74,
75,12.434195518493652
76,
77,
78,
79,
80,14.44347095489502
81,
82,
83,
84,
85,13.527303695678711
86,
87,
88,
89,
90,13.176713943481445
91,
92,
93,
94,
95,10.464165449142456
96,
97,
98,
99,
100,10.755544424057007
101,
102,
103,
104,
105,11.086050033569336
106,
107,
108,
109,
110,12.400747299194336
111,
112,
113,
114,
115,10.584794521331787
116,
117,
118,
119,
120,11.454089641571045
121,
122,
123,
124,
125,11.478367567062378
126,
127,
128,
129,
130,12.220256805419922
131,
132,
133,
134,
135,14.35386848449707
136,
137,
138,
139,
140,12.389111518859863
141,
142,
143,
144,
145,14.70231580734253
146,
147,
148,
149,
150,14.012033462524414
151,
152,
153,
154,
155,15.130829334259033
156,
157,
158,
159,
160,15.836348533630371
161,
162,
163,
164,
165,17.1282377243042
166,
167,
168,
169,
170,18.662623405456543
171,
172,
173,
174,
175,17.976243019104004
176,
177,
178,
179,
180,17.10447072982788
181,
182,
183,
184,
185,17.602246284484863
186,
187,
188,
189,
190,18.99667501449585
191,
192,
193,
194,
195,18.862356662750244
196,
197,
198,
199,
200,17.89770221710205
201,
202,
203,
204,
205,17.80208921432495
206,
207,
208,
209,
210,17.196343898773193
211,
212,
213,
214,
215,17.28910207748413
216,
217,
218,
219,
220,17.335861206054688
221,
222,
223,
224,
225,19.054845809936523
226,
227,
228,
229,
230,17.9394588470459
231,
232,
233,
234,
235,18.498806953430176
236,
237,
238,
239,
240,18.868815422058105
241,
242,
243,
244,
245,19.123805046081543
246,
247,
248,
249,
250,20.73629903793335
251,
252,
253,
254,
255,19.917412281036377
256,
257,
258,
259,
260,19.05719566345215
261,
262,
263,
264,
265,19.673439502716064
266,
267,
268,
269,
270,21.554529190063477
271,
272,
273,
274,
275,19.2974214553833
276,
277,
278,
279,
280,20.135343551635742
281,
282,
283,
284,
285,20.61567735671997
286,
287,
288,
289,
290,21.73012638092041
291,
292,
293,
294,
295,23.06165599822998
296,
297,
298,
299,
300,21.07608461380005
301,
302,
303,
304,
305,20.973686695098877
306,
307,
308,
309,
310,22.472045421600342
311,
312,
313,
314,
315,24.265596866607666
316,
317,
318,
319,
320,20.933881282806396
321,
322,
323,
324,
325,22.9464054107666
326,
327,
328,
329,
330,24.150797367095947
331,
332,
333,
334,
335,25.20060396194458
336,
337,
338,
339,
340,22.104244709014893
341,
342,
343,
344,
345,22.220537662506104
346,
347,
348,
349,
350,22.940442085266113
351,
352,
353,
354,
355,22.25100564956665
356,
357,
358,
359,
360,23.710068702697754
361,
362,
363,
364,
365,23.346210479736328
366,
367,
368,
369,
370,23.59780979156494
371,
372,
373,
374,
375,21.83257484436035
376,
377,
378,
379,
380,23.661550521850586
381,
382,
383,
384,
385,23.144750595092773
386,
387,
388,
389,
390,22.852027893066406
391,
392,
393,
394,
395,24.322372436523438
396,
397,
398,
399,
400,22.80478858947754
401,
402,
403,
404,
405,22.437379837036133
406,
407,
408,
409,
410,23.29224681854248
411,
412,
413,
414,
415,21.607428073883057
416,
417,
418,
419,
420,22.177682399749756
421,
422,
423,
424,
425,23.44647979736328
426,
427,
428,
429,
430,22.04060459136963
431,
432,
433,
434,
435,22.565497875213623
436,
437,
438,
439,
440,21.8369779586792
441,
442,
443,
444,
445,20.696678161621094
446,
447,
448,
449,
450,21.439821243286133
451,
452,
453,
454,
455,21.58938217163086
456,
457,
458,
459,
460,22.217522144317627
461,
462,
463,
464,
465,22.307036876678467
466,
467,
468,
469,
470,23.516846179962158
471,
472,
473,
474,
475,22.737350940704346
476,
477,
478,
479,
480,23.729761600494385
481,
482,
483,
484,
485,22.388882160186768
486,
487,
488,
489,
490,22.36500835418701
491,
492,
493,
494,
495,22.53492259979248
496,
497,
498,
499,
500,23.350651741027832
501,
502,
503,
504,
505,22.77606201171875
506,
507,
508,
509,
510,23.817261695861816
511,
512,
513,
514,
515,22.97091817855835
516,
517,
518,
519,
520,23.241508960723877
521,
522,
523,
524,
525,22.579824924468994
526,
527,
528,
529,
530,21.33696985244751
531,
532,
533,
534,
535,22.572779178619385
536,
537,
538,
539,
540,23.874783515930176
541,
542,
543,
544,
545,23.278576850891113
546,
547,
548,
549,
550,23.732957363128662
551,
552,
553,
554,
555,24.168745517730713
556,
557,
558,
559,
560,25.016231060028076
561,
562,
563,
564,
565,24.12168836593628
566,
567,
568,
569,
570,24.807083129882812
571,
572,
573,
574,
575,22.683188438415527
576,
577,
578,
579,
580,22.649935722351074
581,
582,
583,
584,
585,23.01663064956665
586,
587,
588,
589,
590,23.802095413208008
591,
592,
593,
594,
595,22.94097328186035
596,
597,
598,
599,
600,23.3384051322937
