,1
0,0.0817140009965122
1,
2,
3,
4,
5,0.13153961136023917
6,
7,
8,
9,
10,0.15296462381664175
11,
12,
13,
14,
15,0.17090184354758345
16,
17,
18,
19,
20,0.18285999003487793
21,
22,
23,
24,
25,0.2142501245640259
26,
27,
28,
29,
30,0.20079720976581963
31,
32,
33,
34,
35,0.2521175884404584
36,
37,
38,
39,
40,0.23816641753861484
41,
42,
43,
44,
45,0.2436472346786248
46,
47,
48,
49,
50,0.2311908320876931
51,
52,
53,
54,
55,0.23816641753861484
56,
57,
58,
59,
60,0.24663677130044842
61,
62,
63,
64,
65,0.2615844544095665
66,
67,
68,
69,
70,0.2526158445440957
71,
72,
73,
74,
75,0.24813153961136025
76,
77,
78,
79,
80,0.255107125062282
81,
82,
83,
84,
85,0.2859990034877927
86,
87,
88,
89,
90,0.29048330842052816
91,
92,
93,
94,
95,0.21823617339312407
96,
97,
98,
99,
100,0.30991529646238164
101,
102,
103,
104,
105,0.273542600896861
106,
107,
108,
109,
110,0.34927752864972594
111,
112,
113,
114,
115,0.3746885899352267
116,
117,
118,
119,
120,0.38066766317887396
121,
122,
123,
124,
125,0.40308918784255104
126,
127,
128,
129,
130,0.34778276033881417
131,
132,
133,
134,
135,0.356751370204285
136,
137,
138,
139,
140,0.3542600896860987
141,
142,
143,
144,
145,0.35326357747882414
146,
147,
148,
149,
150,0.3906327852516193
151,
152,
153,
154,
155,0.44593921275535625
156,
157,
158,
159,
160,0.44942700548081715
161,
162,
163,
164,
165,0.44245142002989535
166,
167,
168,
169,
170,0.25909317389138015
171,
172,
173,
174,
175,0.3756851021425012
176,
177,
178,
179,
180,0.33432984554060785
181,
182,
183,
184,
185,0.43946188340807174
186,
187,
188,
189,
190,0.4663677130044843
191,
192,
193,
194,
195,0.4982561036372696
196,
197,
198,
199,
200,0.35326357747882414
201,
202,
203,
204,
205,0.47583457897359244
206,
207,
208,
209,
210,0.47533632286995514
211,
212,
213,
214,
215,0.46736422521175885
216,
217,
218,
219,
220,0.5072247135027405
221,
222,
223,
224,
225,0.2999501743896363
226,
227,
228,
229,
230,0.5261584454409567
231,
232,
233,
234,
235,0.5246636771300448
236,
237,
238,
239,
240,0.521175884404584
241,
242,
243,
244,
245,0.5241654210264076
246,
247,
248,
249,
250,0.5132037867463877
251,
252,
253,
254,
255,0.5356253114100648
256,
257,
258,
259,
260,0.5171898355754858
261,
262,
263,
264,
265,0.5396113602391629
266,
267,
268,
269,
270,0.5460886895864474
271,
272,
273,
274,
275,0.5421026407573493
276,
277,
278,
279,
280,0.5316392625809666
281,
282,
283,
284,
285,0.5351270553064275
286,
287,
288,
289,
290,0.5485799701046338
291,
292,
293,
294,
295,0.5411061285500748
296,
297,
298,
299,
300,0.5495764823119084
301,
302,
303,
304,
305,0.45440956651718983
306,
307,
308,
309,
310,0.5455904334828101
311,
312,
313,
314,
315,0.5535625311410065
316,
317,
318,
319,
320,0.5690084703537618
321,
322,
323,
324,
325,0.5739910313901345
326,
327,
328,
329,
330,0.5510712506228201
331,
332,
333,
334,
335,0.5660189337319382
336,
337,
338,
339,
340,0.4598903836571998
341,
342,
343,
344,
345,0.5779770802192327
346,
347,
348,
349,
350,0.5705032386646737
351,
352,
353,
354,
355,0.5645241654210265
356,
357,
358,
359,
360,0.5366218236173393
361,
362,
363,
364,
365,0.5590433482810164
366,
367,
368,
369,
370,0.5555555555555556
371,
372,
373,
374,
375,0.5615346287992028
376,
377,
378,
379,
380,0.5610363726955655
381,
382,
383,
384,
385,0.5799701046337817
386,
387,
388,
389,
390,0.5575485799701047
391,
392,
393,
394,
395,0.5769805680119582
396,
397,
398,
399,
400,0.5924265072247135
401,
402,
403,
404,
405,0.5794718485301444
406,
407,
408,
409,
410,0.5889387144992526
411,
412,
413,
414,
415,0.5695067264573991
416,
417,
418,
419,
420,0.5974090682610862
421,
422,
423,
424,
425,0.5994020926756353
426,
427,
428,
429,
430,0.6038863976083707
431,
432,
433,
434,
435,0.6013951170901843
436,
437,
438,
439,
440,0.6033881415047334
441,
442,
443,
444,
445,0.6023916292974589
446,
447,
448,
449,
450,0.5979073243647235
451,
452,
453,
454,
455,0.6083707025411061
456,
457,
458,
459,
460,0.6098654708520179
461,
462,
463,
464,
465,0.6103637269556552
466,
467,
468,
469,
470,0.6133532635774788
471,
472,
473,
474,
475,0.5949177877428998
476,
477,
478,
479,
480,0.6033881415047334
481,
482,
483,
484,
485,0.6188340807174888
486,
487,
488,
489,
490,0.6253114100647733
491,
492,
493,
494,
495,0.6213253612356752
496,
497,
498,
499,
500,0.6208271051320379
501,
502,
503,
504,
505,0.6193323368211261
506,
507,
508,
509,
510,0.6352765321375187
511,
512,
513,
514,
515,0.6203288490284006
516,
517,
518,
519,
520,0.6412556053811659
521,
522,
523,
524,
525,0.6292974588938715
526,
527,
528,
529,
530,0.6382660687593423
531,
532,
533,
534,
535,0.6512207274539114
536,
537,
538,
539,
540,0.6507224713502741
541,
542,
543,
544,
545,0.6472346786248132
546,
547,
548,
549,
550,0.6422521175884405
551,
552,
553,
554,
555,0.6576980568011959
556,
557,
558,
559,
560,0.6656701544593921
561,
562,
563,
564,
565,0.656203288490284
566,
567,
568,
569,
570,0.6671649227703039
571,
572,
573,
574,
575,0.6741405082212257
576,
577,
578,
579,
580,0.6646736422521176
581,
582,
583,
584,
585,0.6631788739412058
586,
587,
588,
589,
590,0.6676631788739412
591,
592,
593,
594,
595,0.6701544593921276
596,
597,
598,
599,
600,0.6701544593921276
