,1
0,6.48660683631897
1,
2,
3,
4,
5,4.70557713508606
6,
7,
8,
9,
10,4.839640140533447
11,
12,
13,
14,
15,5.054085612297058
16,
17,
18,
19,
20,3.7457056045532227
21,
22,
23,
24,
25,3.925069212913513
26,
27,
28,
29,
30,3.7102999687194824
31,
32,
33,
34,
35,2.7938458919525146
36,
37,
38,
39,
40,3.0104129314422607
41,
42,
43,
44,
45,2.625224769115448
46,
47,
48,
49,
50,2.616975784301758
51,
52,
53,
54,
55,2.7078338265419006
56,
57,
58,
59,
60,2.9780388474464417
61,
62,
63,
64,
65,2.841061532497406
66,
67,
68,
69,
70,2.9897955656051636
71,
72,
73,
74,
75,2.835791826248169
76,
77,
78,
79,
80,3.454056978225708
81,
82,
83,
84,
85,3.5896435976028442
86,
87,
88,
89,
90,3.0060907006263733
91,
92,
93,
94,
95,3.2335084676742554
96,
97,
98,
99,
100,3.058716595172882
101,
102,
103,
104,
105,3.206112504005432
106,
107,
108,
109,
110,3.349534809589386
111,
112,
113,
114,
115,3.3742801547050476
116,
117,
118,
119,
120,3.406012535095215
121,
122,
123,
124,
125,3.2297266721725464
126,
127,
128,
129,
130,3.231801152229309
131,
132,
133,
134,
135,3.389627754688263
136,
137,
138,
139,
140,2.9999935626983643
141,
142,
143,
144,
145,2.8777178525924683
146,
147,
148,
149,
150,2.953570604324341
151,
152,
153,
154,
155,2.4869051575660706
156,
157,
158,
159,
160,2.5412155985832214
161,
162,
163,
164,
165,2.4956623911857605
166,
167,
168,
169,
170,2.2744016647338867
171,
172,
173,
174,
175,2.2832404375076294
176,
177,
178,
179,
180,2.261550188064575
181,
182,
183,
184,
185,2.445465624332428
186,
187,
188,
189,
190,2.5141108632087708
191,
192,
193,
194,
195,2.3500248193740845
196,
197,
198,
199,
200,2.4293697476387024
201,
202,
203,
204,
205,2.374371826648712
206,
207,
208,
209,
210,2.321485221385956
211,
212,
213,
214,
215,2.2851263284683228
216,
217,
218,
219,
220,2.30991268157959
221,
222,
223,
224,
225,2.379846751689911
226,
227,
228,
229,
230,2.461793065071106
231,
232,
233,
234,
235,2.4675042629241943
236,
237,
238,
239,
240,2.4571409821510315
241,
242,
243,
244,
245,2.4577640295028687
246,
247,
248,
249,
250,2.194864332675934
251,
252,
253,
254,
255,2.2328262329101562
256,
257,
258,
259,
260,2.238500952720642
261,
262,
263,
264,
265,2.342689275741577
266,
267,
268,
269,
270,2.3926350474357605
271,
272,
273,
274,
275,3.224874496459961
276,
277,
278,
279,
280,2.070296883583069
281,
282,
283,
284,
285,2.118047595024109
286,
287,
288,
289,
290,2.138661563396454
291,
292,
293,
294,
295,2.1273757219314575
296,
297,
298,
299,
300,2.2456480264663696
301,
302,
303,
304,
305,2.237348794937134
306,
307,
308,
309,
310,2.2317692041397095
311,
312,
313,
314,
315,2.2230881452560425
316,
317,
318,
319,
320,2.1605087518692017
321,
322,
323,
324,
325,2.5282642245292664
326,
327,
328,
329,
330,2.3792203068733215
331,
332,
333,
334,
335,2.420960307121277
336,
337,
338,
339,
340,2.4535316824913025
341,
342,
343,
344,
345,2.586880147457123
346,
347,
348,
349,
350,2.4701245427131653
351,
352,
353,
354,
355,2.461784303188324
356,
357,
358,
359,
360,2.4084615111351013
361,
362,
363,
364,
365,2.4189677238464355
366,
367,
368,
369,
370,2.305744230747223
371,
372,
373,
374,
375,2.184437096118927
376,
377,
378,
379,
380,2.3064159154891968
381,
382,
383,
384,
385,2.2964600920677185
386,
387,
388,
389,
390,2.2197980284690857
391,
392,
393,
394,
395,2.244480609893799
396,
397,
398,
399,
400,2.2755473852157593
